154
108
745
535
1007
973
902
193
1292
752
1204
127
1611
706
484
368
732
870
229
136
116
162
756
283
1302
518
987
153
649
397
638
163
1262
5186
250
579
1192
1343
1208
440
476
862
3611
1097
229
407
453
2028
109
110
181
1588
281
1205
419
135
345
1512
449
220
666
124
840
254
1765
298
1044
826
314
986
859
1688
364
1019
582
926
983
206
248
1395
386
191
296
2043
297
312
173
1719
416
2185
109
929
635
323
1643
717
417
1497
920
197
921
1413
351
703
481
1070
114
999
550
215
870
311
2300
452
1679
151
763
691
2073
318
1641
556
1024
138
148
195
2146
154
196
563
1078
1745
1858
980
851
751
168
246
134
670
766
805
456
716
582
718
893
155
495
584
1118
1114
908
1351
1501
184
658
439
505
247
1122
1585
1054
586
669
733
115
102
835
256
199
525
525
471
713
494
308
516
3203
230
202
185
428
228
1292
118
217
2078
668
635
1146
121
2921
1442
203
1690
248
169
545
486
398
472
110
1985
397
170
1803
219
401
330
112
629
510
119
1187
712
338
255
484
138
2541
264
241
1545
902
184
207
